0.135052
0.358139
0.213449
0.305268
0.406883
0.437913
0.278715
0.281352
0.250089
0.262337
0.240301
0.207307
0.096840
0.278052
0.237208
0.405975
0.429399
0.250089
0.181680
0.255926
0.181680
0.203714
0.333033
0.114324
0.266526
0.399096
0.132290
0.187677
0.460115
0.274039
0.202806
0.452427
0.192532
0.378196
0.052270
0.239532
0.245620
0.314208
0.123634
0.230898
0.189634
0.213449
0.243354
0.143018
0.192532
0.189634
0.092949
0.368805
0.474728
0.216881
0.379658
0.246370
0.320030
0.080152
0.128035
0.272689
0.160073
0.178605
0.180661
0.369305
0.185699
0.189634
0.263741
0.385448
0.251561
0.029768
0.185699
0.274712
0.180661
0.416745
0.173360
0.460516
0.250089
0.251561
0.424209
0.548348
0.291027
0.310663
0.132290
0.466094
0.398170
0.342865
0.485113
0.193489
0.289118
0.301618
0.197268
0.140413
0.207307
0.315381
0.133678
0.287196
0.156575
0.260218
0.307678
0.230898
0.276053
0.290392
0.512500
0.369805
0.392567
0.182693
0.067662
0.521428
0.491915
0.144303
0.196330
0.248608
0.526711
0.346081
0.205518
0.077814
0.303449
0.216028
0.234862
0.383046
0.122132
0.281352
0.418954
0.166849
0.183700
0.194441
0.151785
0.277387
0.516805
0.241068
0.296058
0.258795
0.165739
0.195388
0.368304
0.137759
0.296058
0.199131
0.137759
0.164621
0.152997
0.377708
0.150564
0.366294
0.211713
0.174422
0.360195
0.379658
0.340705
0.136412
0.090941
0.132290
0.199131
0.220260
0.090941
0.269967
0.400020
0.385927
0.189634
0.299776
0.258795
0.241068
0.397241
0.161222
0.233285
0.372293
0.164621
0.262337
0.149333
0.205518
0.316550
0.474339
0.167951
0.464507
0.278052
0.351900
0.152997
0.202806
0.248608
0.244112
0.058912
0.154198
0.195388
0.374271
0.123634
0.197268
0.202806
0.306475
0.216881
0.364779
0.407790
0.265833
0.187677
0.318295
0.200977
0.304057
0.202806
0.230097
0.257364
0.145577
0.171217
0.321181
0.208195
0.241833
